0.000010 0.000010 0.000010 0.000010 0.000010 0.999908 0.000010 0.000012 0.000010 0.000010
0.000010 0.000011 0.000010 0.000010 0.000013 0.999906 0.000010 0.000010 0.000010 0.000010
0.000010 0.000010 0.000010 0.000010 0.000011 0.999900 0.000010 0.000018 0.000010 0.000010
0.000010 0.000016 0.000010 0.000010 0.000015 0.999898 0.000010 0.000010 0.000010 0.000010
0.000010 0.000010 0.000010 0.000010 0.000011 0.999904 0.000015 0.000010 0.000010 0.000010
0.000010 0.000010 0.000010 0.000010 0.000010 0.000010 0.000010 0.999910 0.000010 0.000010
0.000010 0.000010 0.000010 0.000010 0.000010 0.672070 0.000010 0.327850 0.000010 0.000010
0.000010 0.000010 0.000010 0.000010 0.000010 0.036131 0.000010 0.963789 0.000010 0.000010
0.000010 0.000010 0.000010 0.000010 0.000010 0.000010 0.000010 0.999910 0.000010 0.000010
0.000011 0.000012 0.000010 0.000010 0.000012 0.000010 0.000010 0.999903 0.000013 0.000010
0.000010 0.000010 0.000012 0.000010 0.000010 0.255693 0.000010 0.744225 0.000010 0.000010
0.000017 0.000011 0.000010 0.000010 0.000010 0.531000 0.000010 0.468912 0.000010 0.000010
0.000010 0.000010 0.000010 0.000010 0.000010 0.000010 0.000010 0.999910 0.000010 0.000010
0.000010 0.000010 0.000010 0.000010 0.000010 0.999910 0.000010 0.000010 0.000010 0.000010
0.000010 0.000010 0.000010 0.000010 0.000010 0.158455 0.000010 0.841465 0.000010 0.000010
0.000010 0.000010 0.000010 0.000010 0.000010 0.999910 0.000010 0.000010 0.000010 0.000010
0.000010 0.000010 0.000012 0.000010 0.000010 0.494117 0.000010 0.505802 0.000010 0.000010
0.000010 0.000010 0.000010 0.000010 0.000010 0.999910 0.000010 0.000010 0.000010 0.000010
0.000010 0.000013 0.000011 0.000010 0.000010 0.491261 0.000010 0.508655 0.000010 0.000010
0.000010 0.000010 0.000010 0.000010 0.000010 0.000010 0.000010 0.000010 0.999910 0.000010
0.000010 0.000010 0.000010 0.000010 0.000010 0.000010 0.000010 0.000010 0.999910 0.000010
0.000010 0.000010 0.000010 0.000010 0.000010 0.000010 0.000010 0.000010 0.999910 0.000010
0.000010 0.000010 0.000010 0.000010 0.000010 0.000010 0.999910 0.000010 0.000010 0.000010
0.000019 0.000010 0.000010 0.000010 0.000010 0.000010 0.999901 0.000010 0.000010 0.000010
0.000010 0.000018 0.999894 0.000010 0.000010 0.000010 0.000015 0.000013 0.000010 0.000010
0.000010 0.000017 0.999895 0.000010 0.000010 0.000010 0.000013 0.000015 0.000010 0.000010
0.009861 0.000010 0.211375 0.026655 0.109613 0.000010 0.191430 0.451025 0.000010 0.000010
0.000010 0.000010 0.999892 0.000010 0.000018 0.000010 0.000016 0.000014 0.000010 0.000010
0.000014 0.000017 0.000010 0.000011 0.000013 0.000010 0.000010 0.000010 0.000010 0.999896
0.000010 0.426310 0.000010 0.000010 0.573610 0.000010 0.000010 0.000010 0.000010 0.000010
0.000010 0.000010 0.000010 0.000010 0.999910 0.000010 0.000010 0.000010 0.000010 0.000010
0.166473 0.325686 0.000011 0.000010 0.507771 0.000010 0.000010 0.000010 0.000010 0.000010
0.000011 0.000014 0.000010 0.000016 0.000013 0.000010 0.000010 0.000010 0.519845 0.480061
0.000010 0.000010 0.000010 0.000010 0.000010 0.000010 0.000010 0.000010 0.999910 0.000010
0.000010 0.000010 0.000010 0.000010 0.000010 0.000010 0.000010 0.000010 0.000010 0.999910
0.000010 0.000010 0.000010 0.000010 0.000010 0.000010 0.000010 0.000010 0.999910 0.000010
0.000010 0.000010 0.000010 0.000010 0.000010 0.000010 0.000010 0.000010 0.000010 0.999910
0.000010 0.000010 0.000010 0.000010 0.000010 0.000010 0.000010 0.000010 0.999910 0.000010
0.000010 0.418592 0.000010 0.000010 0.449358 0.000010 0.000010 0.000010 0.131980 0.000010
0.000010 0.000017 0.000010 0.000010 0.000010 0.000010 0.000010 0.000010 0.130104 0.869809
0.000010 0.239358 0.000010 0.000010 0.393862 0.000010 0.209039 0.000010 0.146692 0.010998
0.000010 0.000010 0.000010 0.000010 0.000010 0.000010 0.000010 0.000010 0.000010 0.999910
0.000014 0.000016 0.000010 0.000010 0.000010 0.000010 0.000010 0.000010 0.081688 0.918223
0.000015 0.000010 0.000010 0.000010 0.000010 0.000010 0.000010 0.000010 0.082901 0.917014
0.000017 0.000011 0.000010 0.000010 0.000010 0.000010 0.000010 0.000010 0.000010 0.999903
0.000014 0.000016 0.000010 0.000010 0.000011 0.000010 0.000010 0.000010 0.000010 0.999899
0.000010 0.000010 0.000010 0.000010 0.000010 0.000010 0.000010 0.000010 0.152488 0.847432
0.000010 0.000010 0.000010 0.000010 0.000020 0.000010 0.000010 0.000010 0.000010 0.999900
0.000018 0.000014 0.000010 0.000010 0.000013 0.000010 0.000010 0.000010 0.083425 0.916480
0.000010 0.999905 0.000010 0.000010 0.000015 0.000010 0.000010 0.000010 0.000010 0.000010
0.000010 0.000010 0.000010 0.999910 0.000010 0.000010 0.000010 0.000010 0.000010 0.000010
0.000010 0.367161 0.000010 0.626469 0.001023 0.000010 0.000010 0.000010 0.005287 0.000010
0.000010 0.000010 0.000010 0.999910 0.000010 0.000010 0.000010 0.000010 0.000010 0.000010
0.999899 0.000010 0.000013 0.000010 0.000010 0.000010 0.000010 0.000010 0.000017 0.000010
0.000011 0.000011 0.000010 0.000010 0.000011 0.000010 0.000010 0.000010 0.478702 0.521216
0.000010 0.000010 0.000010 0.000010 0.000010 0.000010 0.000010 0.000010 0.102650 0.897270
0.000010 0.999910 0.000010 0.000010 0.000010 0.000010 0.000010 0.000010 0.000010 0.000010
0.000011 0.000011 0.000010 0.999908 0.000010 0.000010 0.000010 0.000010 0.000010 0.000010
0.000010 0.000012 0.000010 0.999907 0.000010 0.000010 0.000010 0.000010 0.000010 0.000010
0.000010 0.000014 0.000010 0.000010 0.000014 0.000010 0.000010 0.000010 0.999902 0.000010
0.000010 0.999910 0.000010 0.000010 0.000010 0.000010 0.000010 0.000010 0.000010 0.000010
0.000017 0.000013 0.000010 0.000010 0.000010 0.000010 0.000010 0.000010 0.719061 0.280849
0.000016 0.000010 0.000010 0.000010 0.000011 0.000010 0.000010 0.000010 0.711823 0.288090
0.000010 0.999901 0.000012 0.000010 0.000015 0.000010 0.000012 0.000010 0.000010 0.000010
0.000010 0.999910 0.000010 0.000010 0.000010 0.000010 0.000010 0.000010 0.000010 0.000010
0.000012 0.873968 0.000010 0.000010 0.125950 0.000010 0.000010 0.000010 0.000010 0.000010
0.000010 0.705199 0.000010 0.000010 0.249696 0.000010 0.000010 0.000010 0.045035 0.000010
0.000010 0.000010 0.000010 0.999910 0.000010 0.000010 0.000010 0.000010 0.000010 0.000010
0.000010 0.000010 0.000010 0.859996 0.139924 0.000010 0.000010 0.000010 0.000010 0.000010
0.000010 0.000010 0.000010 0.999910 0.000010 0.000010 0.000010 0.000010 0.000010 0.000010
0.000012 0.000010 0.000010 0.000010 0.000018 0.000010 0.000010 0.000010 0.072664 0.927246
0.000013 0.000017 0.000010 0.000010 0.999893 0.000010 0.000010 0.000011 0.000016 0.000010
0.000012 0.000010 0.000010 0.999908 0.000010 0.000010 0.000010 0.000010 0.000010 0.000010
0.000010 0.000012 0.000010 0.999903 0.000010 0.000011 0.000010 0.000014 0.000010 0.000010
0.000010 0.000016 0.000011 0.999902 0.000010 0.000010 0.000010 0.000010 0.000010 0.000010
0.000010 0.000010 0.000010 0.000010 0.000010 0.999910 0.000010 0.000010 0.000010 0.000010
0.000010 0.000010 0.000010 0.999910 0.000010 0.000010 0.000010 0.000010 0.000010 0.000010
0.000010 0.000012 0.000010 0.000010 0.000012 0.000010 0.000010 0.000010 0.077941 0.921975
0.000010 0.000010 0.000010 0.999910 0.000010 0.000010 0.000010 0.000010 0.000010 0.000010
0.000010 0.000010 0.000010 0.999910 0.000010 0.000010 0.000010 0.000010 0.000010 0.000010
0.000015 0.000010 0.000010 0.000010 0.000010 0.000010 0.000010 0.000010 0.093353 0.906562
0.000014 0.000010 0.000010 0.000010 0.000010 0.000010 0.000010 0.000010 0.260367 0.739548
0.000012 0.000010 0.000010 0.000010 0.000010 0.000010 0.000010 0.000010 0.302961 0.696958
0.000012 0.000010 0.000012 0.000016 0.000010 0.000010 0.000010 0.000010 0.528869 0.471040
0.000012 0.000011 0.000010 0.000010 0.000010 0.000010 0.000010 0.000010 0.258593 0.741323
0.000010 0.000010 0.000010 0.000010 0.000010 0.000010 0.000010 0.000010 0.999910 0.000010
0.000010 0.000010 0.000010 0.000010 0.000010 0.000010 0.000010 0.000010 0.000010 0.999910
0.000010 0.000010 0.000010 0.000010 0.000010 0.000010 0.000010 0.000010 0.000010 0.999910
0.000010 0.000010 0.000010 0.000010 0.999910 0.000010 0.000010 0.000010 0.000010 0.000010
0.000017 0.000016 0.000010 0.000010 0.999889 0.000010 0.000010 0.000011 0.000017 0.000010
0.000010 0.000010 0.000010 0.000010 0.000010 0.000010 0.999910 0.000010 0.000010 0.000010
0.000010 0.000010 0.000010 0.000010 0.000010 0.000010 0.999910 0.000010 0.000010 0.000010
