0.999905 0.000010 0.000010 0.000014 0.000010 0.000011 0.000010 0.000010 0.000010 0.000010
0.999900 0.000010 0.000010 0.000012 0.000010 0.000010 0.000013 0.000010 0.000015 0.000010
0.999909 0.000011 0.000010 0.000010 0.000010 0.000010 0.000010 0.000010 0.000010 0.000010
0.999907 0.000010 0.000010 0.000010 0.000010 0.000010 0.000010 0.000010 0.000013 0.000010
0.999910 0.000010 0.000010 0.000010 0.000010 0.000010 0.000010 0.000010 0.000010 0.000010
0.000010 0.000010 0.000010 0.000010 0.000010 0.000010 0.000010 0.999910 0.000010 0.000010
0.729283 0.000010 0.000010 0.000019 0.000010 0.000013 0.000010 0.270624 0.000010 0.000010
0.250146 0.000010 0.000010 0.000010 0.000010 0.000011 0.000013 0.749769 0.000012 0.000010
0.000010 0.000010 0.000010 0.000010 0.000010 0.000010 0.000010 0.999910 0.000010 0.000010
0.284546 0.000010 0.000010 0.000010 0.000016 0.000010 0.000015 0.715363 0.000010 0.000010
0.420126 0.000010 0.000010 0.000020 0.000010 0.000010 0.000014 0.579781 0.000010 0.000010
0.647561 0.000010 0.000010 0.000010 0.000010 0.000010 0.000010 0.352359 0.000010 0.000010
0.166025 0.000010 0.000010 0.000010 0.000010 0.000010 0.000010 0.833895 0.000010 0.000010
0.999910 0.000010 0.000010 0.000010 0.000010 0.000010 0.000010 0.000010 0.000010 0.000010
0.310471 0.000010 0.000010 0.000010 0.000018 0.000010 0.000010 0.689438 0.000013 0.000010
0.999910 0.000010 0.000010 0.000010 0.000010 0.000010 0.000010 0.000010 0.000010 0.000010
0.606274 0.000010 0.000010 0.000014 0.000010 0.000010 0.000010 0.393641 0.000010 0.000010
0.999910 0.000010 0.000010 0.000010 0.000010 0.000010 0.000010 0.000010 0.000010 0.000010
0.595511 0.000010 0.000010 0.000010 0.000010 0.000010 0.000010 0.404408 0.000010 0.000010
0.000010 0.000010 0.000010 0.000010 0.670311 0.000010 0.000010 0.000010 0.329609 0.000010
0.000010 0.000010 0.000010 0.000010 0.999908 0.000010 0.000010 0.000010 0.000012 0.000010
0.000010 0.000010 0.000010 0.000010 0.999910 0.000010 0.000010 0.000010 0.000010 0.000010
0.000010 0.000010 0.000010 0.000010 0.000010 0.999909 0.000010 0.000010 0.000010 0.000010
0.000010 0.000010 0.000015 0.000010 0.000010 0.999905 0.000010 0.000010 0.000010 0.000010
0.000020 0.133505 0.000010 0.112591 0.000010 0.477655 0.000010 0.276180 0.000010 0.000010
0.000010 0.132072 0.007069 0.105244 0.000010 0.484463 0.000010 0.271101 0.000010 0.000010
0.000015 0.061841 0.000010 0.131063 0.000010 0.277322 0.000010 0.529710 0.000010 0.000010
0.000010 0.144183 0.000010 0.096602 0.000010 0.485180 0.000010 0.273975 0.000010 0.000010
0.000010 0.000010 0.000010 0.000010 0.000010 0.000010 0.000010 0.000010 0.999910 0.000010
0.000010 0.000010 0.000010 0.999910 0.000010 0.000010 0.000010 0.000010 0.000010 0.000010
0.000010 0.000010 0.000010 0.999910 0.000010 0.000010 0.000010 0.000010 0.000010 0.000010
0.000010 0.000010 0.000010 0.999910 0.000010 0.000010 0.000010 0.000010 0.000010 0.000010
0.000010 0.000010 0.000010 0.000010 0.560009 0.000010 0.096866 0.000010 0.014074 0.328991
0.000010 0.000010 0.000010 0.000010 0.999910 0.000010 0.000010 0.000010 0.000010 0.000010
0.000010 0.000010 0.000010 0.000010 0.000010 0.000010 0.022157 0.000010 0.202136 0.775637
0.000010 0.000010 0.000010 0.000010 0.999910 0.000010 0.000010 0.000010 0.000010 0.000010
0.000010 0.000010 0.000010 0.000010 0.000010 0.000010 0.000010 0.000010 0.000010 0.999910
0.000010 0.000010 0.000010 0.000010 0.999910 0.000010 0.000010 0.000010 0.000010 0.000010
0.000010 0.000010 0.000010 0.863193 0.105463 0.000010 0.008047 0.000010 0.023237 0.000010
0.000010 0.000010 0.000010 0.000010 0.065997 0.000010 0.000010 0.000010 0.477526 0.456408
0.000010 0.000010 0.000010 0.637670 0.124616 0.207650 0.030004 0.000010 0.000011 0.000010
0.000010 0.000010 0.000010 0.000010 0.000010 0.000010 0.000010 0.000010 0.000010 0.999910
0.000010 0.000010 0.000010 0.000010 0.074815 0.000010 0.000015 0.000010 0.171253 0.753857
0.000010 0.000010 0.000010 0.000010 0.029867 0.000010 0.000010 0.000010 0.000010 0.970053
0.000010 0.000010 0.000010 0.000010 0.000010 0.000010 0.000010 0.000010 0.000010 0.999910
0.000010 0.000010 0.000010 0.000010 0.000010 0.000010 0.000012 0.000010 0.000010 0.999908
0.000010 0.000010 0.000010 0.000010 0.084563 0.000010 0.033532 0.000010 0.624286 0.257559
0.000010 0.000010 0.000010 0.000010 0.000010 0.000010 0.000010 0.000010 0.999910 0.000010
0.000010 0.000010 0.000010 0.000010 0.071957 0.000010 0.040926 0.000010 0.258162 0.628895
0.000010 0.000010 0.000010 0.999910 0.000010 0.000010 0.000010 0.000010 0.000010 0.000010
0.000010 0.000010 0.999910 0.000010 0.000010 0.000010 0.000010 0.000010 0.000010 0.000010
0.000010 0.000010 0.632256 0.358052 0.000010 0.000010 0.000010 0.000010 0.000010 0.009622
0.000010 0.000010 0.999910 0.000010 0.000010 0.000010 0.000010 0.000010 0.000010 0.000010
0.000010 0.005501 0.221861 0.714959 0.000010 0.000010 0.031198 0.000010 0.000010 0.026432
0.000010 0.000010 0.000013 0.000010 0.267480 0.000010 0.000010 0.000010 0.655173 0.077273
0.000010 0.000010 0.000010 0.000010 0.102848 0.000010 0.129077 0.000010 0.218223 0.549793
0.000010 0.000010 0.000010 0.887934 0.000010 0.000010 0.036603 0.000010 0.075393 0.000010
0.000013 0.999896 0.000010 0.000011 0.000010 0.000015 0.000015 0.000010 0.000010 0.000010
0.000010 0.266790 0.733130 0.000010 0.000010 0.000010 0.000010 0.000010 0.000010 0.000010
0.000010 0.000010 0.000010 0.000010 0.999910 0.000010 0.000010 0.000010 0.000010 0.000010
0.000010 0.000010 0.000010 0.999908 0.000010 0.000012 0.000010 0.000010 0.000010 0.000010
0.000010 0.000010 0.000016 0.000010 0.507673 0.000010 0.000010 0.000010 0.492241 0.000010
0.000010 0.000010 0.000010 0.000010 0.691701 0.000010 0.048062 0.000010 0.041653 0.218524
0.000010 0.000010 0.000010 0.999906 0.000010 0.000014 0.000010 0.000010 0.000010 0.000010
0.000010 0.000010 0.000010 0.999906 0.000010 0.000014 0.000010 0.000010 0.000010 0.000010
0.000010 0.000010 0.000010 0.999910 0.000010 0.000010 0.000010 0.000010 0.000010 0.000010
0.000010 0.000010 0.000010 0.930528 0.051348 0.000010 0.018054 0.000010 0.000010 0.000010
0.000010 0.000010 0.999910 0.000010 0.000010 0.000010 0.000010 0.000010 0.000010 0.000010
0.000010 0.000010 0.866140 0.133780 0.000010 0.000010 0.000010 0.000010 0.000010 0.000010
0.000010 0.000010 0.999910 0.000010 0.000010 0.000010 0.000010 0.000010 0.000010 0.000010
0.000010 0.000010 0.000010 0.000010 0.000010 0.000010 0.000010 0.000010 0.999910 0.000010
0.000010 0.000010 0.000010 0.999908 0.000010 0.000012 0.000010 0.000010 0.000010 0.000010
0.000010 0.999910 0.000010 0.000010 0.000010 0.000010 0.000010 0.000010 0.000010 0.000010
0.000011 0.999907 0.000013 0.000010 0.000010 0.000010 0.000010 0.000010 0.000010 0.000010
0.000015 0.197054 0.802860 0.000010 0.000010 0.000010 0.000010 0.000010 0.000010 0.000010
0.999910 0.000010 0.000010 0.000010 0.000010 0.000010 0.000010 0.000010 0.000010 0.000010
0.000010 0.000010 0.999910 0.000010 0.000010 0.000010 0.000010 0.000010 0.000010 0.000010
0.000010 0.000010 0.000010 0.000010 0.000136 0.000010 0.000010 0.000010 0.753786 0.246008
0.000013 0.999899 0.000010 0.000010 0.000010 0.000019 0.000010 0.000010 0.000010 0.000010
0.000010 0.000010 0.999910 0.000010 0.000010 0.000010 0.000010 0.000010 0.000010 0.000010
0.000010 0.000010 0.000010 0.000014 0.000010 0.000010 0.125534 0.000010 0.874382 0.000010
0.000010 0.000010 0.000010 0.000010 0.000010 0.000010 0.000010 0.000010 0.999910 0.000010
0.000010 0.000010 0.000010 0.000010 0.162695 0.000010 0.000010 0.000010 0.616468 0.220767
0.000010 0.000010 0.000010 0.000010 0.306752 0.000010 0.000010 0.000010 0.693168 0.000010
0.000010 0.000010 0.000010 0.000010 0.000010 0.000010 0.000010 0.000010 0.999910 0.000010
0.000010 0.000010 0.000010 0.000010 0.999896 0.000010 0.000015 0.000010 0.000019 0.000010
0.000010 0.000019 0.000010 0.000010 0.000010 0.000010 0.999901 0.000010 0.000010 0.000010
0.000010 0.000014 0.000012 0.000011 0.000010 0.000014 0.999899 0.000010 0.000010 0.000010
0.000010 0.000010 0.000010 0.999908 0.000010 0.000012 0.000010 0.000010 0.000010 0.000010
0.000015 0.000010 0.000010 0.999891 0.000010 0.000017 0.000010 0.000017 0.000010 0.000010
0.000010 0.000010 0.000014 0.000018 0.000010 0.999894 0.000010 0.000010 0.000014 0.000010
0.000010 0.000010 0.000016 0.000010 0.000010 0.999903 0.000012 0.000010 0.000010 0.000010
