0.000010 0.999910 0.000010 0.000010 0.000010 0.000010 0.000010 0.000010 0.000010 0.000010
0.000010 0.999910 0.000010 0.000010 0.000010 0.000010 0.000010 0.000010 0.000010 0.000010
0.000010 0.999906 0.000010 0.000010 0.000010 0.000010 0.000010 0.000014 0.000010 0.000010
0.000010 0.999910 0.000010 0.000010 0.000010 0.000010 0.000010 0.000010 0.000010 0.000010
0.000010 0.999905 0.000010 0.000010 0.000010 0.000010 0.000010 0.000010 0.000015 0.000010
0.000010 0.833869 0.070424 0.000010 0.095637 0.000010 0.000010 0.000010 0.000010 0.000010
0.000010 0.999910 0.000010 0.000010 0.000010 0.000010 0.000010 0.000010 0.000010 0.000010
0.000013 0.999907 0.000010 0.000010 0.000010 0.000010 0.000010 0.000010 0.000010 0.000010
0.000010 0.822623 0.068657 0.000010 0.108649 0.000010 0.000010 0.000010 0.000010 0.000010
0.000010 0.999910 0.000010 0.000010 0.000010 0.000010 0.000010 0.000010 0.000010 0.000010
0.000010 0.999910 0.000010 0.000010 0.000010 0.000010 0.000010 0.000010 0.000010 0.000010
0.000010 0.999910 0.000010 0.000010 0.000010 0.000010 0.000010 0.000010 0.000010 0.000010
0.000010 0.956647 0.000010 0.043273 0.000010 0.000010 0.000010 0.000010 0.000010 0.000010
0.000010 0.999910 0.000010 0.000010 0.000010 0.000010 0.000010 0.000010 0.000010 0.000010
0.000010 0.999901 0.000014 0.000010 0.000015 0.000010 0.000010 0.000010 0.000010 0.000010
0.000017 0.999903 0.000010 0.000010 0.000010 0.000010 0.000010 0.000010 0.000010 0.000010
0.000010 0.999908 0.000010 0.000010 0.000012 0.000010 0.000010 0.000010 0.000010 0.000010
0.000010 0.999910 0.000010 0.000010 0.000010 0.000010 0.000010 0.000010 0.000010 0.000010
0.000010 0.999910 0.000010 0.000010 0.000010 0.000010 0.000010 0.000010 0.000010 0.000010
0.219834 0.000010 0.000010 0.000010 0.000010 0.780086 0.000010 0.000010 0.000010 0.000010
0.000010 0.000010 0.000013 0.000019 0.000010 0.999898 0.000010 0.000010 0.000010 0.000010
0.000010 0.000010 0.000010 0.000010 0.000010 0.999910 0.000010 0.000010 0.000010 0.000010
0.000010 0.000010 0.999901 0.000010 0.000019 0.000010 0.000010 0.000010 0.000010 0.000010
0.000010 0.000010 0.999904 0.000010 0.000016 0.000010 0.000010 0.000010 0.000010 0.000010
0.000010 0.000010 0.000010 0.000010 0.999910 0.000010 0.000010 0.000010 0.000010 0.000010
0.000010 0.000010 0.000010 0.000015 0.999905 0.000010 0.000010 0.000010 0.000010 0.000010
0.000010 0.392733 0.207594 0.000016 0.251029 0.000010 0.035611 0.112978 0.000010 0.000010
0.000013 0.000010 0.000010 0.000010 0.999907 0.000010 0.000010 0.000010 0.000010 0.000010
0.999909 0.000010 0.000010 0.000010 0.000010 0.000010 0.000010 0.000011 0.000010 0.000010
0.000010 0.000010 0.000010 0.999910 0.000010 0.000010 0.000010 0.000010 0.000010 0.000010
0.000010 0.000010 0.000010 0.774362 0.000010 0.000010 0.000010 0.225558 0.000010 0.000010
0.000010 0.000010 0.000010 0.999910 0.000010 0.000010 0.000010 0.000010 0.000010 0.000010
0.343795 0.000010 0.000010 0.000010 0.000010 0.470405 0.000010 0.000010 0.000010 0.185730
0.000010 0.000010 0.000010 0.000014 0.000010 0.999906 0.000010 0.000010 0.000010 0.000010
0.941836 0.000010 0.000010 0.000010 0.000013 0.000010 0.000010 0.000010 0.000010 0.058081
0.000010 0.000010 0.000010 0.000010 0.000010 0.999910 0.000010 0.000010 0.000010 0.000010
0.749550 0.000010 0.000010 0.000010 0.000010 0.000010 0.000010 0.000010 0.000010 0.250370
0.000010 0.000010 0.000010 0.000010 0.000010 0.999910 0.000010 0.000010 0.000010 0.000010
0.000010 0.000010 0.000010 0.740224 0.000010 0.114142 0.000010 0.145564 0.000010 0.000010
0.931575 0.000010 0.000010 0.000010 0.000010 0.068345 0.000010 0.000010 0.000010 0.000010
0.000010 0.000010 0.207372 0.604250 0.000010 0.128345 0.000010 0.058117 0.000010 0.001866
0.732363 0.000010 0.000010 0.000010 0.000010 0.000010 0.000010 0.000010 0.000010 0.267557
0.916449 0.000010 0.000010 0.000010 0.000010 0.048371 0.000010 0.000010 0.000010 0.035110
0.933048 0.000010 0.000010 0.000010 0.000014 0.066868 0.000010 0.000010 0.000010 0.000010
0.999910 0.000010 0.000010 0.000010 0.000010 0.000010 0.000010 0.000010 0.000010 0.000010
0.999910 0.000010 0.000010 0.000010 0.000010 0.000010 0.000010 0.000010 0.000010 0.000010
0.718265 0.000010 0.000010 0.000010 0.000010 0.121572 0.000010 0.000010 0.000010 0.160093
0.999909 0.000010 0.000010 0.000010 0.000010 0.000010 0.000011 0.000010 0.000010 0.000010
0.911449 0.000010 0.000010 0.000010 0.000016 0.052705 0.000010 0.000010 0.000010 0.035770
0.000010 0.000010 0.000010 0.412968 0.000010 0.000010 0.000010 0.586951 0.000010 0.000010
0.000010 0.000019 0.000010 0.000010 0.000010 0.000010 0.000010 0.000010 0.999901 0.000010
0.000013 0.000010 0.000010 0.366450 0.000010 0.000010 0.000010 0.000014 0.633464 0.000010
0.000010 0.000010 0.000010 0.000010 0.000010 0.000010 0.000010 0.000010 0.999910 0.000010
0.000010 0.000010 0.000010 0.781451 0.000010 0.000010 0.000010 0.000010 0.218469 0.000010
0.567882 0.000010 0.000010 0.000010 0.000010 0.432038 0.000010 0.000010 0.000010 0.000010
0.619179 0.000010 0.000010 0.000010 0.000010 0.083301 0.000010 0.000010 0.000010 0.297450
0.082295 0.000010 0.000010 0.685880 0.000010 0.000010 0.000010 0.222874 0.000010 0.008892
0.000010 0.000010 0.000010 0.000010 0.000010 0.000010 0.999910 0.000010 0.000010 0.000010
0.000010 0.000010 0.000010 0.000010 0.000010 0.000010 0.264231 0.000010 0.735689 0.000010
0.000010 0.000010 0.000010 0.000010 0.000010 0.999910 0.000010 0.000010 0.000010 0.000010
0.000010 0.000010 0.000010 0.000013 0.000010 0.000010 0.000010 0.999907 0.000010 0.000010
0.416052 0.000010 0.000010 0.000010 0.000010 0.583868 0.000010 0.000010 0.000010 0.000010
0.284167 0.000010 0.000010 0.000010 0.000010 0.674436 0.000010 0.000010 0.000010 0.041327
0.000010 0.000010 0.000010 0.000010 0.000010 0.000010 0.000010 0.999910 0.000010 0.000010
0.000010 0.000010 0.000010 0.999910 0.000010 0.000010 0.000010 0.000010 0.000010 0.000010
0.000010 0.000010 0.000010 0.999901 0.000010 0.000010 0.000010 0.000019 0.000010 0.000010
0.000010 0.000010 0.000010 0.773400 0.000010 0.025087 0.000010 0.201443 0.000010 0.000010
0.000010 0.000010 0.000010 0.000010 0.000010 0.000010 0.000010 0.000010 0.999910 0.000010
0.000010 0.000010 0.000010 0.000010 0.000010 0.000010 0.000013 0.135215 0.864702 0.000010
0.000010 0.000010 0.000010 0.000010 0.000010 0.000019 0.000010 0.000010 0.999901 0.000010
0.990732 0.000010 0.000010 0.000010 0.000010 0.009188 0.000010 0.000010 0.000010 0.000010
0.000010 0.000010 0.000011 0.000010 0.000010 0.000019 0.000010 0.999899 0.000010 0.000010
0.000013 0.000010 0.000010 0.000010 0.000013 0.000010 0.999903 0.000010 0.000010 0.000010
0.000010 0.000010 0.000010 0.000010 0.000010 0.000010 0.999910 0.000010 0.000010 0.000010
0.000020 0.000010 0.000010 0.000010 0.000010 0.000010 0.198932 0.000010 0.800978 0.000010
0.000010 0.999909 0.000010 0.000010 0.000010 0.000010 0.000010 0.000011 0.000010 0.000010
0.000010 0.000010 0.000010 0.000010 0.000010 0.000010 0.000010 0.000010 0.999910 0.000010
0.947150 0.000010 0.000010 0.000010 0.000010 0.052770 0.000010 0.000010 0.000010 0.000010
0.000010 0.000010 0.000010 0.000010 0.000016 0.000010 0.999904 0.000010 0.000010 0.000010
0.000010 0.000010 0.000010 0.000019 0.000010 0.000014 0.000010 0.000010 0.999897 0.000010
0.865946 0.000010 0.000010 0.000010 0.000010 0.046173 0.000010 0.000010 0.000010 0.087811
0.844872 0.000010 0.000010 0.000010 0.000010 0.155048 0.000010 0.000010 0.000010 0.000010
0.779274 0.000010 0.000010 0.000010 0.000010 0.220646 0.000010 0.000010 0.000010 0.000010
0.520529 0.000010 0.000010 0.000010 0.000010 0.479391 0.000010 0.000010 0.000010 0.000010
0.847284 0.000010 0.000010 0.000010 0.000010 0.152636 0.000010 0.000010 0.000010 0.000010
0.000010 0.000010 0.000010 0.000010 0.000010 0.999910 0.000010 0.000010 0.000010 0.000010
0.000010 0.000010 0.000010 0.000010 0.000010 0.000010 0.000010 0.000010 0.000010 0.999910
0.000010 0.000010 0.000010 0.000010 0.000010 0.000010 0.000010 0.000010 0.000010 0.999910
0.000010 0.000010 0.000010 0.000010 0.000010 0.000010 0.000010 0.999910 0.000010 0.000010
0.000010 0.000010 0.000016 0.000010 0.000010 0.000010 0.000010 0.999904 0.000010 0.000010
0.000010 0.000010 0.999910 0.000010 0.000010 0.000010 0.000010 0.000010 0.000010 0.000010
0.000010 0.000010 0.999910 0.000010 0.000010 0.000010 0.000010 0.000010 0.000010 0.000010
