0.000010 0.000010 0.000010 0.999920 0.000010 0.000010 0.000010 0.000010 0.000010
0.000010 0.000010 0.000010 0.999920 0.000010 0.000010 0.000010 0.000010 0.000010
0.000018 0.000010 0.000010 0.999903 0.000019 0.000010 0.000010 0.000010 0.000010
0.000010 0.000010 0.000010 0.999920 0.000010 0.000010 0.000010 0.000010 0.000010
0.000010 0.000019 0.000010 0.999911 0.000010 0.000010 0.000010 0.000010 0.000010
0.000010 0.000010 0.000010 0.000010 0.999920 0.000010 0.000010 0.000010 0.000010
0.000010 0.000016 0.000018 0.729288 0.270617 0.000014 0.000017 0.000010 0.000010
0.000010 0.000010 0.000010 0.250150 0.749780 0.000010 0.000010 0.000010 0.000010
0.000010 0.000010 0.000010 0.000010 0.999920 0.000010 0.000010 0.000010 0.000010
0.000010 0.000010 0.000010 0.284548 0.715382 0.000010 0.000010 0.000010 0.000010
0.000013 0.000020 0.000011 0.420129 0.579787 0.000010 0.000010 0.000010 0.000010
0.000010 0.000010 0.000010 0.647566 0.352364 0.000010 0.000010 0.000010 0.000010
0.000010 0.000010 0.000010 0.166017 0.833913 0.000010 0.000010 0.000010 0.000010
0.000010 0.000012 0.000010 0.999918 0.000010 0.000010 0.000010 0.000010 0.000010
0.000010 0.000010 0.000010 0.310459 0.689471 0.000010 0.000010 0.000010 0.000010
0.000010 0.000010 0.000010 0.999920 0.000010 0.000010 0.000010 0.000010 0.000010
0.000010 0.000010 0.000010 0.606282 0.393646 0.000012 0.000010 0.000010 0.000010
0.000010 0.000010 0.000010 0.999920 0.000010 0.000010 0.000010 0.000010 0.000010
0.000010 0.000010 0.000010 0.595524 0.404406 0.000010 0.000010 0.000010 0.000010
0.677053 0.000014 0.322874 0.000010 0.000010 0.000010 0.000010 0.000010 0.000010
0.999920 0.000010 0.000010 0.000010 0.000010 0.000010 0.000010 0.000010 0.000010
0.999917 0.000010 0.000013 0.000010 0.000010 0.000010 0.000010 0.000010 0.000010
0.000010 0.999920 0.000010 0.000010 0.000010 0.000010 0.000010 0.000010 0.000010
0.000010 0.999920 0.000010 0.000010 0.000010 0.000010 0.000010 0.000010 0.000010
0.000010 0.477625 0.000010 0.000010 0.276206 0.000010 0.133487 0.112632 0.000010
0.000010 0.484434 0.000010 0.000010 0.271117 0.007068 0.132073 0.105268 0.000010
0.000010 0.277308 0.000010 0.000010 0.529722 0.000010 0.061825 0.131096 0.000010
0.000010 0.485151 0.000010 0.000010 0.273986 0.000010 0.144162 0.096650 0.000010
0.000010 0.000010 0.999920 0.000010 0.000010 0.000010 0.000010 0.000010 0.000010
0.000010 0.000010 0.000010 0.000010 0.000010 0.000010 0.000010 0.999920 0.000010
0.000010 0.000010 0.000010 0.000010 0.000010 0.000010 0.000010 0.999920 0.000010
0.000010 0.000014 0.000010 0.000010 0.000010 0.000010 0.000010 0.999916 0.000010
0.555505 0.000010 0.000010 0.000010 0.000010 0.000010 0.000010 0.000010 0.444425
0.999920 0.000010 0.000010 0.000010 0.000010 0.000010 0.000010 0.000010 0.000010
0.000010 0.000010 0.154724 0.000010 0.000010 0.000010 0.000010 0.000010 0.845206
0.999920 0.000010 0.000010 0.000010 0.000010 0.000010 0.000010 0.000010 0.000010
0.000010 0.000010 0.000010 0.000010 0.000010 0.000010 0.000010 0.000010 0.999920
0.999920 0.000010 0.000010 0.000010 0.000010 0.000010 0.000010 0.000010 0.000010
0.103883 0.000010 0.032356 0.000010 0.000010 0.000010 0.000010 0.863700 0.000010
0.039698 0.000010 0.535653 0.000010 0.000010 0.000010 0.000010 0.000010 0.424589
0.127027 0.207650 0.025697 0.000010 0.000010 0.000010 0.000010 0.639575 0.000010
0.000010 0.000010 0.000010 0.000010 0.000010 0.000010 0.000010 0.000010 0.999920
0.047989 0.000019 0.134384 0.000014 0.000010 0.000010 0.000010 0.000010 0.817554
0.006904 0.000010 0.000010 0.000010 0.000010 0.000010 0.000010 0.000010 0.993026
0.000013 0.000010 0.000010 0.000010 0.000010 0.000017 0.000010 0.000010 0.999910
0.000018 0.000010 0.000010 0.000014 0.000010 0.000013 0.000010 0.000010 0.999905
0.083033 0.000010 0.610001 0.000010 0.000010 0.000010 0.000010 0.000010 0.306905
0.000010 0.000010 0.999919 0.000010 0.000010 0.000010 0.000011 0.000010 0.000010
0.069763 0.000010 0.224576 0.000010 0.000010 0.000010 0.000010 0.000010 0.705601
0.000010 0.000010 0.000010 0.000010 0.000010 0.000010 0.000010 0.999920 0.000010
0.000019 0.000010 0.000010 0.000010 0.000010 0.999911 0.000010 0.000010 0.000010
0.000010 0.000010 0.000016 0.000010 0.000010 0.632221 0.000010 0.358327 0.009386
0.000010 0.000010 0.000010 0.000010 0.000010 0.999913 0.000010 0.000017 0.000010
0.000010 0.000010 0.000017 0.000010 0.000010 0.221845 0.005478 0.714035 0.058584
0.286302 0.000010 0.713621 0.000010 0.000010 0.000017 0.000010 0.000010 0.000010
0.089975 0.000010 0.185124 0.000010 0.000010 0.000011 0.000010 0.000010 0.724839
0.000010 0.000010 0.082484 0.000010 0.000010 0.000010 0.000010 0.888322 0.029135
0.000010 0.000010 0.000010 0.000010 0.000010 0.000010 0.999920 0.000010 0.000010
0.000010 0.000010 0.000010 0.000010 0.000010 0.733134 0.266788 0.000018 0.000010
0.999913 0.000010 0.000017 0.000010 0.000010 0.000010 0.000010 0.000010 0.000010
0.000010 0.000010 0.000018 0.000010 0.000010 0.000010 0.000010 0.999912 0.000010
0.512925 0.000010 0.487005 0.000010 0.000010 0.000010 0.000010 0.000010 0.000010
0.685014 0.000010 0.000016 0.000010 0.000016 0.000010 0.000010 0.000010 0.314903
0.000010 0.000010 0.000016 0.000010 0.000010 0.000010 0.000010 0.999914 0.000010
0.000010 0.000010 0.000010 0.000010 0.000010 0.000010 0.000010 0.999920 0.000010
0.000010 0.000010 0.000010 0.000010 0.000010 0.000010 0.000010 0.999920 0.000010
0.067195 0.000010 0.000018 0.000010 0.000010 0.000010 0.000010 0.932727 0.000010
0.000010 0.000010 0.000010 0.000010 0.000010 0.999920 0.000010 0.000010 0.000010
0.000010 0.000010 0.000010 0.000010 0.000010 0.866137 0.000010 0.133793 0.000010
0.000010 0.000010 0.000010 0.000010 0.000010 0.999920 0.000010 0.000010 0.000010
0.000010 0.000010 0.999920 0.000010 0.000010 0.000010 0.000010 0.000010 0.000010
0.000010 0.000010 0.000010 0.000010 0.000010 0.000010 0.000010 0.999920 0.000010
0.000010 0.000010 0.000010 0.000010 0.000010 0.000010 0.999920 0.000010 0.000010
0.000010 0.000010 0.000010 0.000010 0.000010 0.000010 0.999920 0.000010 0.000010
0.000010 0.000010 0.000010 0.000010 0.000010 0.802872 0.197058 0.000010 0.000010
0.000010 0.000010 0.000010 0.999920 0.000010 0.000010 0.000010 0.000010 0.000010
0.000010 0.000011 0.000010 0.000010 0.000010 0.999919 0.000010 0.000010 0.000010
0.000166 0.000010 0.728791 0.000010 0.000010 0.000010 0.000010 0.000010 0.270983
0.000010 0.000010 0.000010 0.000010 0.000010 0.000010 0.999920 0.000010 0.000010
0.000010 0.000010 0.000010 0.000010 0.000010 0.999920 0.000010 0.000010 0.000010
0.000010 0.000010 0.817873 0.000010 0.000010 0.000010 0.000010 0.000010 0.182057
0.000010 0.000010 0.999907 0.000010 0.000014 0.000019 0.000010 0.000010 0.000010
0.170113 0.000010 0.615346 0.000010 0.000010 0.000010 0.000010 0.000010 0.214481
0.307737 0.000016 0.692187 0.000010 0.000010 0.000010 0.000010 0.000010 0.000010
0.000010 0.000010 0.999910 0.000010 0.000020 0.000010 0.000010 0.000010 0.000010
0.999920 0.000010 0.000010 0.000010 0.000010 0.000010 0.000010 0.000010 0.000010
0.000017 0.000010 0.000010 0.000010 0.000010 0.000010 0.000010 0.000010 0.999913
0.000010 0.000014 0.000010 0.000010 0.000010 0.000010 0.000010 0.000010 0.999916
0.000010 0.000010 0.000010 0.000010 0.000010 0.000010 0.000010 0.999920 0.000010
0.000010 0.000010 0.000010 0.000010 0.000010 0.000010 0.000010 0.999920 0.000010
0.000010 0.999920 0.000010 0.000010 0.000010 0.000010 0.000010 0.000010 0.000010
0.000010 0.999918 0.000012 0.000010 0.000010 0.000010 0.000010 0.000010 0.000010
